start_string=u"%$Wenn nicht nur Zahlen und Figuren"

predictions:
[[ -5.044871   -12.011179    -4.102743   ...   2.9966419   -0.88549674
   -2.7264009 ]
 [ -4.6111217  -10.85733     -3.3939648  ...  -2.190767    -0.22419354
   -2.3164763 ]
 [ -6.773214    -3.9296932   -6.4367523  ...   8.543655    -4.695411
   -8.424954  ]
 ...
 [  8.078415     4.50946     -2.691546   ...   6.230038   -10.738482
   -3.85119   ]
 [  8.045428     8.351606    -0.61679554 ...  -7.8680935   -8.75746
   -6.37839   ]
 [  8.222724     8.717591    -4.698903   ...  -3.431313    -6.382026
  -10.029545  ]]

softmax:
[[2.8884545e-08 2.7241870e-11 7.4101429e-08 ... 8.9753295e-05
  1.8495190e-06 2.9347035e-07]
 [2.8143296e-08 5.4535633e-11 9.5055938e-08 ... 3.1660755e-07
  2.2625250e-06 2.7920726e-07]
 [7.3777751e-10 1.2672168e-08 1.0328779e-09 ... 3.3109866e-03
  5.8925549e-09 1.4144362e-10]
 ...
 [3.2516649e-01 9.1649136e-03 6.8355180e-06 ... 5.1211320e-02
  2.1879205e-09 2.1436010e-06]
 [3.7453091e-03 5.0869691e-03 6.4793534e-07 ... 4.5955020e-10
  1.8883660e-10 2.0384650e-09]
 [1.5526465e-01 2.5467759e-01 3.7956073e-07 ... 1.3483071e-06
  7.0519626e-08 1.8374392e-09]]

